城市 X1 X2 X3 Xa X5
北京 27527 2738.30 1494.83 3055.63 30500
青岛 29682 1212.02 182.80 598.06 29068
天津 22073 2663.56 782.33 1465.65 28151
烟台 21017 298.73 92.71 227.39 8178
石家庄 25584 467.42 156.02 763.46 12415
郑州 17330 261.80 215.63 402.98 7373
唐山 19387 338.67 95.73 199.69 14522
武汉 17882 1020.84 685.82 1452 16244
太原 13919 304.13 141.94 155.22 15170
长沙 26327 241.76 269.93 369.83 7550
呼和浩特 13738 82.23 69.27 108.12 2415
衡阳 12386 61.53 63.95 72.65 3004
沈阳 21736 729.04 590.26 1752.4 15156
广州 42828 2446.97 1166.10 3214.19 24500
大连 34659 1003.56 431.83 728.08 19736
深圳 152099 3079.63 609.26 801.06 5167
长春 24799 900.26 309.75 173.99 10346
油头 19414 192.93 112.96 280.84 1443
哈尔滨 20737 402.73 360.38 762.94 8814
湛江 15290 228.45 99.08 149.16 5524
上海 40788 6935.57 1531.89 3921.2 49499
南宁 17715 109.39 142.08 264.32 3371
南京 26697 1579.21 401.20 1253.73 14120
柳州 17598 256.76 68.93 159.44 3397
徐州 19727 295.73 108.17 187.39 7124
海口 24782 100.13 81.03 142.54 2018
连云港 17869 112.18 47.94 134.89 4096
成都 22956 412.23 400.56 754.07 23724
杭州 31784 1615.63 373.28 1788.29 15841
重庆 9778 870.82 389.60 823.72 29470
宁波 46471 751.58 167.70 529.68 11182
贵阳 13176 207.95 108.93 285.27 4885
温州 29781 381.93 233.44 272.84 6292
昆明 24554 303.78 227.44 428.64 12084
合肥 19770 330.14 140.14 328.98 2903
西安 16002 449.14 323.37 558.27 7728
福州 33570 379.51 209.72 613.24 7280
兰州 16629 354.30 163.97 374.9 5401
厦门 42039 803.29 186.55 620.47 2547
西宁 7261 38.00 48.95 91.14 1837
南昌 19923 238.82 14.09 348.21 3246
银川 12779 77.74 41.22 53.16 1573
济南 25642 616.97 323.08 462.39 13057
乌鲁木齐 19793 251.19 129.05 277.8 9283